150
140
130
120
110.49
110.1
109.71
109.32
108.93
108.555
108.165
107.79
107.415
107.04
106.665
106.305
105.945
105.57
105.21
104.865
104.505
104.145
103.8
103.455
103.11
102.765
102.42
102.09
101.745
101.415
101.085
100.755
100.425
100.095
99.765
99.45
99.135
98.82
98.49
98.19
97.875
97.56
97.26
96.945
96.645
96.345
96.045
95.745
95.445
95.16
94.86
94.575
94.29
93.99
93.705
93.42
93.15
92.865
92.58
92.31
92.04
91.755
91.485
91.215
90.945
90.675
90.42
90.15
89.88
89.625
89.37
89.115
88.845
88.59
88.35
88.095
87.84
87.585
87.345
87.09
86.85
86.61
86.37
86.13
85.89
85.65
85.41
85.17
84.93
84.705
84.465
84.24
84.015
83.79
83.55
83.325
83.1
82.89
82.665
82.44
82.215
81.99
81.765
81.54
81.315
81.09
80.865
80.64
80.415
80.19
79.965
79.74
79.515
79.29
79.065
78.84
78.615
78.39
78.165
77.94
77.715
77.49
77.265
77.04
76.815
76.59
76.365
76.14
75.915
75.69
75.465
75.24
75.015
74.79
74.565
74.34
74.115
73.89
73.665
73.44
73.215
72.99
72.765
72.54
72.315
72.09
71.865
71.64
71.415
71.19
70.965
70.74
70.515
70.29
70.065
69.84
69.615
69.39
69.165
68.94





























































