45.201
44.14
39.91
31.5091
25.0356
20.3111
16.5255
14.4076
12.827
11.6089
10.5568
9.6852
9.0155
8.4652
8.005
7.6123
7.2689
6.9609
6.678
6.4284
6.2069
6.0652
5.9219
5.7785
5.6365
5.4985
5.3666
5.2474
5.1562
5.0698
4.9876
4.917
4.8496
4.7852
4.7235
4.6643
4.6076
4.553
4.5005
4.45
4.4013
4.3543
4.3089
4.2651
4.2227
4.1816
4.1419
4.1033
4.0659
4.0297
3.9944
3.9602
3.9269
3.8945
3.863
3.8323
3.8024
3.7733
3.7448
3.7171
3.6901
3.6636
3.6378
3.6126
3.588
3.5639
3.5403
3.5172
3.4947
3.4726
3.4509
3.4297
3.4089
3.3885
3.3685
3.3489
3.3297
3.3108
3.2923
3.2741
3.2563
3.2388
3.2215
3.2046
3.188
3.1716
3.1555
3.1397
3.1241
3.1088
3.0938
3.0789
3.0643
3.05
3.0358
3.0219
3.0082
2.9947
2.9813
2.9682
2.9553
2.9425
2.9299
2.9175
2.9053
2.8932
2.8813
2.8696
2.858
2.8466
2.8353
2.8242
2.8132
2.8024
2.7916
2.7811
2.7706
2.7603
2.7501
2.74
2.7301
2.7203
2.7105
2.7009
2.6914
2.6821
2.6728
2.6636
2.6546
2.6456
2.6367
2.628
2.6193
2.6107
2.6022
2.5938
2.5855
2.5773
2.5692
2.5611
2.5531
2.5453
2.5374
2.5297
2.5221
2.5145
2.507
2.4996
2.4922
2.4849
2.4777
2.4706
2.4635
2.4565
2.4495
2.4426
2.4358
2.4291
2.4224
2.4157
2.4092
2.4026
2.3962
2.3898
2.3834
2.3771
2.3709
2.3647
2.3586
2.3525
2.3465
2.3405
2.3346
2.3287
2.3229
2.3171
2.3114
2.3057
2.3001
2.2945
2.2889
2.2834
2.2779
2.2725
2.2671
2.2618
2.2565
2.2513
2.2461
2.2409
2.2357
2.2306
2.2256
2.2206
2.2156
2.2106
2.2057
2.2009
2.196
2.1912
2.1864
2.1817
2.177
2.1723
2.1677
2.1631
2.1585
2.154
2.1495
2.145
2.1406
2.1361
2.1318
2.1274
2.1231
2.1188
2.1145
2.1103
2.1061
2.1019
2.0977
