40.5259
40.5141
32.9916
23.4416
18.0608
14.41
12.4473
11.0399
9.7753
8.9723
8.2413
7.68
7.3041
6.9754
6.6848
6.4257
6.1929
5.9818
5.7891
5.6112
5.4335
5.2944
5.1922
5.0945
5.001
4.9113
4.8249
4.7487
4.6754
4.6049
4.5371
4.4723
4.4103
4.3511
4.2949
4.2415
4.1911
4.1434
4.0986
4.0564
4.0168
3.9811
3.9466
3.9132
3.8808
3.8494
3.8189
3.7893
3.7606
3.7327
3.7055
3.6791
3.6534
3.6283
3.6038
3.58
3.5568
3.5341
3.5119
3.4903
3.4692
3.4485
3.4283
3.4085
3.3892
3.3702
3.3517
3.3335
3.3157
3.2982
3.2811
3.2644
3.2479
3.2317
3.2159
3.2003
3.185
3.17
3.1553
3.1408
3.1265
3.1125
3.0987
3.0852
3.0718
3.0587
3.0458
3.0331
3.0206
3.0083
2.9962
2.9842
2.9725
2.9609
2.9494
2.9382
2.9271
2.9161
2.9053
2.8947
2.8842
2.8739
2.8636
2.8536
2.8436
2.8338
2.8241
2.8145
2.8051
2.7957
2.7865
2.7774
2.7684
2.7596
2.7508
2.7421
2.7335
2.7251
2.7167
2.7084
2.7002
2.6922
2.6842
2.6762
2.6684
2.6607
2.653
2.6455
2.638
2.6306
2.6232
2.616
2.6088
2.6017
2.5946
2.5877
2.5808
2.574
2.5672
2.5605
2.5539
2.5473
2.5408
2.5344
2.528
2.5217
2.5154
2.5092
2.5031
2.497
2.491
2.485
2.4791
2.4732
2.4674
2.4616
2.4559
2.4502
2.4446
2.4391
2.4335
2.4281
2.4226
2.4172
2.4119
2.4066
2.4014
2.3962
2.391
2.3859
2.3808
2.3757
2.3707
2.3658
2.3608
2.356
2.3511
2.3463
2.3415
2.3368
2.3321
2.3274
2.3228
2.3182
2.3136
2.3091
2.3046
2.3001
2.2957
2.2913
2.287
2.2826
2.2783
2.274
2.2698
2.2656
2.2614
2.2572
2.2531
2.249
2.2449
2.2409
2.2369
2.2329
2.2289
2.225
2.2211
2.2172
2.2133
2.2095
2.2057
2.2019
2.1981
2.1944
2.1907
2.187
2.1833
2.1797
2.1761
2.1725
2.1689
