34.6831
50.4716
39.4826
23.0359
19.0585
15.0873
12.5263
11.9088
9.5087
7.4735
7.7356
9.7886
8.0494
7.744
6.8158
6.0469
6.5811
6.6706
6.3561
6.985
8.0369
6.5113
8.0086
9.5709
10.1924
9.2917
6.9039
5.0981
5.0764
3.803
3.5663
3.6015
3.7426
3.2025
3.0038
3.0996
2.7595
3.1821
3.132
2.2756
2.1599
2.1376
2.116
2.0951
2.0749
2.0554
2.0364
2.018
2.0002
1.9829
1.966
1.9497
1.9338
1.9183
1.9033
1.8886
1.8744
1.8604
1.8468
1.8336
1.8207
1.808
1.7957
1.7836
1.7718
1.7603
1.7489
1.7379
1.7271
1.7165
1.7061
1.6959
1.686
1.6762
1.6666
1.6572
1.648
1.6389
1.63
1.6213
1.6127
1.6043
1.596
1.5879
1.5799
1.572
1.5643
1.5567
1.5492
1.5419
1.5346
1.5275
1.5204
1.5136
1.5068
1.5001
1.4934
1.4869
1.4805
1.4742
1.468
1.4618
1.4557
1.4498
1.4439
1.4381
1.4323
1.4267
1.4211
1.4156
1.4102
1.4048
1.3995
1.3942
1.3891
1.384
1.3789
1.374
1.369
1.3642
1.3594
1.3546
1.35
1.3453
1.3407
1.3362
1.3317
1.3273
1.3229
1.3186
1.3143
1.31
1.3058
1.3017
1.2976
1.2935
1.2895
1.2855
1.2816
1.2777
1.2738
1.27
1.2663
1.2625
1.2588
1.2551
1.2515
1.2479
1.2444
1.2409
1.2373
1.2339
1.2304
1.2271
1.2237
1.2204
1.2171
1.2138
1.2106
1.2073
1.2041
1.201
1.1979
1.1947
1.1917
1.1886
1.1856
1.1826
1.1796
1.1767
1.1738
1.1708
1.168
1.1651
1.1623
1.1595
1.1567
1.154
1.1512
1.1485
1.1458
1.1431
1.1405
1.1379
1.1352
1.1327
1.1301
1.1276
1.125
1.1225
1.12
1.1175
1.1151
1.1126
1.1102
1.1078
1.1054
1.1031
1.1007
1.0983
1.0961
