1.672429073
0.854559304
1.118293831
1.162595475
1.109677041
1.113233205
1.025814633
0.985167694
1.093475278
1.017863573
1.024752297
1.10494622
1.101082755
1.166460776
1.110643445
1.130585405
1.210873933
1.191708795
1.162922297
1.123344033
1.083723793
1.179410386
1.183921339
1.183866987
1.21022311
1.191788191
1.157535508
1.178269755
1.145039004
1.206282282
1.132943266
1.127123237
1.178154794
1.151803326
1.182247701
1.077709649
1.069488781
1.017107506
0.971282498
0.964148612
0.968103132
0.992763438
0.963531934
1.062041499
0.97577009
1.018053899
0.99875503
0.908556492
0.938521227
1.023455629
0.982303919
0.976978452
0.95998776
0.90070177
0.975112309
0.955190865
0.925703408
0.852352365
0.959180428
1.038807897
1.038839576
0.945448528
0.993298244
0.916622344
1.010830422
0.915101458
1.013045847
0.977190674
0.900487675
1.00892055
1.021476114
1.007105344
1.032500718
1.032615722
1.010890809
1.001086834
0.992156863
1.045563013
1.022548389
1.020192195
0.978304351
0.982453007
0.999947723
1.003505432
1.044036387
0.923759123
0.842914289
0.855310407
0.792321797
0.745516383
0.757566114
0.69689969
0.682568987
0.832225437
0.813414929
0.395204509
0.827428614
0.740028972
0.640933549
0.647078168
0.602727859
0.551445178
0.550435713
0.751150055
0.622864761
0.690534937
0.776868873
0.762921613
0.728805201
0.892611703
0.930947695
1.029642522
1.094968373
1.122718008
1.229089193
1.259499345
1.232306035
